,Goal,evacuator,pop_sum
0,0,0,0
1,0,0,0
2,0,0,0
3,0,0,0
4,0,0,0
5,0,0,0
6,0,0,0
7,0,0,0
8,0,0,0
9,0,0,0
10,0,0,0
11,0,0,0
12,0,0,0
13,0,0,0
14,0,0,0
15,0,0,0
16,1,1,1
17,1,0,1
18,1,0,1
19,1,0,1
20,1,0,1
21,1,0,1
22,1,0,1
23,1,0,1
24,1,0,1
25,1,0,1
26,1,0,1
27,1,0,1
28,2,1,2
29,2,0,2
30,2,0,2
31,3,1,3
32,3,0,3
33,3,0,3
34,3,0,3
35,3,0,3
36,3,0,3
37,3,0,3
38,3,0,3
39,3,0,3
40,3,0,3
41,4,1,4
42,4,0,4
43,5,1,5
44,6,1,6
45,6,0,6
46,8,2,8
47,8,0,8
48,9,1,9
49,9,0,9
50,9,0,9
51,10,1,10
52,10,0,10
53,10,0,10
54,11,1,11
55,11,0,11
56,12,1,12
57,13,1,13
58,13,0,13
59,13,0,13
60,15,2,15
61,16,1,16
62,16,0,16
63,17,1,17
64,17,0,17
65,18,1,18
66,19,1,19
67,19,0,19
68,20,1,20
69,20,0,20
70,21,1,21
71,22,1,22
72,22,0,22
73,22,0,22
74,25,3,25
75,27,2,27
76,28,1,28
77,28,0,28
78,29,1,29
79,30,1,30
80,30,0,30
81,32,2,32
82,32,0,32
83,33,1,33
84,34,1,34
85,34,0,34
86,36,2,36
87,36,0,36
88,37,1,37
89,38,1,38
90,38,0,38
91,40,2,40
92,41,1,41
93,43,2,43
94,43,0,43
95,44,1,44
96,45,1,45
97,45,0,45
98,45,0,45
99,47,2,47
100,47,0,47
101,48,1,48
102,49,1,49
103,50,1,50
104,50,0,50
105,51,1,51
106,53,2,53
107,54,1,54
108,55,1,55
109,57,2,57
110,58,1,58
111,59,1,59
112,64,5,64
113,65,1,65
114,67,2,67
115,68,1,68
116,71,3,71
117,71,0,71
118,73,2,73
119,74,1,74
120,77,3,77
121,78,1,78
122,79,1,79
123,80,1,80
124,82,2,82
125,83,1,83
126,83,0,83
127,84,1,84
128,85,1,85
129,86,1,86
130,86,0,86
131,89,3,89
132,90,1,90
133,94,4,94
134,94,0,94
135,96,2,96
136,97,1,97
137,98,1,98
138,100,2,100
139,101,1,101
140,102,1,102
141,103,1,103
142,103,0,103
143,105,2,105
144,106,1,106
145,107,1,107
146,108,1,108
147,111,3,111
148,113,2,113
149,115,2,115
150,115,0,115
151,117,2,117
152,119,2,119
153,121,2,121
154,123,2,123
155,125,2,125
156,126,1,126
157,127,1,127
158,128,1,128
159,130,2,130
160,130,0,130
161,130,0,130
162,132,2,132
163,132,0,132
164,134,2,134
165,135,1,135
166,136,1,136
167,138,2,138
168,140,2,140
169,142,2,142
170,144,2,144
171,145,1,145
172,146,1,146
173,150,4,150
174,151,1,151
175,154,3,154
176,155,1,155
177,156,1,156
178,157,1,157
179,157,0,157
180,161,4,161
181,162,1,162
182,164,2,164
183,165,1,165
184,165,0,165
185,167,2,167
186,169,2,169
187,170,1,170
188,171,1,171
189,172,1,172
190,174,2,174
191,176,2,176
192,177,1,177
193,178,1,178
194,179,1,179
195,179,0,179
196,180,1,180
197,180,0,180
198,182,2,182
199,184,2,184
200,186,2,186
201,186,0,186
202,188,2,188
203,188,0,188
204,189,1,189
205,191,2,191
206,191,0,191
207,194,3,194
208,195,1,195
209,195,0,195
210,197,2,197
211,198,1,198
212,200,2,200
213,203,3,203
214,203,0,203
215,206,3,206
216,208,2,208
217,208,0,208
218,209,1,209
219,211,2,211
220,212,1,212
221,214,2,214
222,215,1,215
223,217,2,217
224,218,1,218
225,220,2,220
226,222,2,222
227,225,3,225
228,225,0,225
229,227,2,227
230,228,1,228
231,231,3,231
232,235,4,235
233,237,2,237
234,240,3,240
235,241,1,241
236,242,1,242
237,243,1,243
238,244,1,244
239,245,1,245
240,248,3,248
241,251,3,251
242,253,2,253
243,254,1,254
244,255,1,255
245,257,2,257
246,260,3,260
247,261,1,261
248,264,3,264
249,267,3,267
250,268,1,268
251,270,2,270
252,270,0,270
253,274,4,274
254,275,1,275
255,276,1,276
256,276,0,276
257,276,0,276
258,277,1,277
259,278,1,278
260,280,2,280
261,282,2,282
262,283,1,283
263,284,1,284
264,285,1,285
265,285,0,285
266,287,2,287
267,288,1,288
268,289,1,289
269,291,2,291
270,292,1,292
271,293,1,293
272,294,1,294
273,295,1,295
274,295,0,295
275,296,1,296
276,297,1,297
277,298,1,298
278,299,1,299
279,301,2,301
280,301,0,301
281,302,1,302
282,304,2,304
283,307,3,307
284,309,2,309
285,310,1,310
286,311,1,311
287,313,2,313
288,314,1,314
289,315,1,315
290,315,0,315
291,316,1,316
292,316,0,316
293,316,0,316
294,317,1,317
295,319,2,319
296,319,0,319
297,322,3,322
298,324,2,324
299,325,1,325
300,327,2,327
301,327,0,327
302,328,1,328
303,328,0,328
304,329,1,329
305,329,0,329
306,329,0,329
307,329,0,329
308,329,0,329
309,329,0,329
310,329,0,329
311,329,0,329
312,330,1,330
313,330,0,330
314,331,1,331
315,331,0,331
316,333,2,333
317,333,0,333
318,333,0,333
319,334,1,334
320,335,1,335
321,337,2,337
322,338,1,338
323,340,2,340
324,341,1,341
325,341,0,341
326,342,1,342
327,342,0,342
328,342,0,342
329,344,2,344
330,344,0,344
331,344,0,344
332,347,3,347
333,347,0,347
334,349,2,349
335,350,1,350
336,350,0,350
337,350,0,350
338,352,2,352
339,353,1,353
340,355,2,355
341,357,2,357
342,357,0,357
343,359,2,359
344,360,1,360
345,360,0,360
346,361,1,361
347,361,0,361
348,363,2,363
349,363,0,363
350,364,1,364
351,364,0,364
352,364,0,364
353,365,1,365
354,365,0,365
355,367,2,367
356,367,0,367
357,367,0,367
358,368,1,368
359,369,1,369
360,370,1,370
361,371,1,371
362,372,1,372
363,372,0,372
364,372,0,372
365,373,1,373
366,373,0,373
367,374,1,374
368,375,1,375
369,375,0,375
370,377,2,377
371,377,0,377
372,379,2,379
373,380,1,380
374,380,0,380
375,383,3,383
376,383,0,383
377,384,1,384
378,384,0,384
379,385,1,385
380,385,0,385
381,388,3,388
382,388,0,388
383,388,0,388
384,389,1,389
385,389,0,389
386,390,1,390
387,390,0,390
388,390,0,390
389,391,1,391
390,392,1,392
391,392,0,392
392,393,1,393
393,394,1,394
394,395,1,395
395,396,1,396
396,396,0,396
397,396,0,396
398,397,1,397
399,397,0,397
400,400,3,400
401,401,1,401
402,401,0,401
403,403,2,403
404,404,1,404
405,404,0,404
406,405,1,405
407,405,0,405
408,405,0,405
409,406,1,406
410,406,0,406
411,407,1,407
412,407,0,407
413,409,2,409
414,410,1,410
415,410,0,410
416,411,1,411
417,411,0,411
418,412,1,412
419,412,0,412
420,412,0,412
421,412,0,412
422,412,0,412
423,413,1,413
424,414,1,414
425,414,0,414
426,414,0,414
427,415,1,415
428,415,0,415
429,415,0,415
430,415,0,415
431,415,0,415
432,415,0,415
433,415,0,415
434,415,0,415
435,415,0,415
436,415,0,415
437,416,1,416
438,416,0,416
439,416,0,416
440,416,0,416
441,416,0,416
442,417,1,417
443,418,1,418
444,418,0,418
445,419,1,419
446,419,0,419
447,419,0,419
448,419,0,419
449,420,1,420
450,420,0,420
451,421,1,421
452,421,0,421
453,422,1,422
454,425,3,425
455,425,0,425
456,426,1,426
457,428,2,428
458,428,0,428
459,428,0,428
460,429,1,429
461,429,0,429
462,429,0,429
463,430,1,430
464,430,0,430
465,430,0,430
466,431,1,431
467,431,0,431
468,431,0,431
469,431,0,431
470,431,0,431
471,431,0,431
472,433,2,433
473,433,0,433
474,435,2,435
475,435,0,435
476,435,0,435
477,436,1,436
478,436,0,436
479,437,1,437
480,438,1,438
481,439,1,439
482,440,1,440
483,440,0,440
484,441,1,441
485,441,0,441
486,441,0,441
487,442,1,442
488,443,1,443
489,444,1,444
490,444,0,444
491,445,1,445
492,446,1,446
493,446,0,446
494,447,1,447
495,447,0,447
496,448,1,448
497,448,0,448
498,448,0,448
499,448,0,448
500,448,0,448
